13000009 22.131083 
13000019 43.507689 
13000029 60.805822 
13000039 72.490578 
13000049 78.174409 
13000059 85.090347 
13000069 91.709643 
13000079 97.303638 
13000089 112.949591 
13000099 125.444730 
13000109 134.525543 
13000119 144.789880 
13000129 161.756935 
13000139 178.146635 
13000149 194.404251 
13000159 210.771064 
13000169 227.351203 
13000179 249.977113 
13000189 268.798594 
13000199 289.098222 
13000209 311.781402 
13000219 339.430233 
13000229 353.735198 
13000239 370.665061 
13000249 391.947804 
13000259 409.098336 
13000269 425.927949 
13000279 443.323617 
13000289 462.463462 
13000299 476.309741 
13000309 496.229154 
13000319 511.519448 
13000329 522.219405 
13000339 542.637819 
13000349 554.864079 
13000359 569.118195 
13000369 592.050117 
13000379 612.570823 
13000389 631.941385 
13000399 646.733214 
13000409 665.826935 
13000419 682.397197 
13000429 698.007648 
13000439 724.396091 
13000449 746.989965 
13000459 764.187069 
13000469 777.966700 
13000479 795.503050 
13000489 814.141976 
13000499 832.276120 
13000509 846.922240 
13000519 865.301502 
13000529 883.135159 
13000539 898.016529 
13000549 908.771861 
13000559 925.781116 
13000569 942.775595 
13000579 966.672534 
13000589 988.164290 
13000599 1017.622339 
13000609 1032.370266 
13000619 1053.387177 
13000629 1065.942345 
13000639 1085.175511 
13000649 1100.344913 
13000659 1124.889799 
13000669 1144.609092 
13000679 1162.674476 
13000689 1178.149600 
13000699 1190.227683 
13000709 1207.529373 
13000719 1223.374941 
13000729 1243.539773 
13000739 1259.348302 
13000749 1278.088760 
13000759 1291.267672 
13000769 1308.735159 
13000779 1329.323694 
13000789 1349.754352 
13000799 1368.050797 
13000809 1382.126564 
13000819 1399.484290 
13000829 1417.898283 
13000839 1439.287139 
13000849 1455.911130 
13000859 1472.507926 
13000869 1490.041871 
13000879 1506.591905 
13000889 1525.412199 
13000899 1540.247518 
13000909 1551.403865 
13000919 1576.245797 
13000929 1596.416919 
13000939 1606.833363 
13000949 1621.338880 
13000959 1637.566091 
13000969 1658.067400 
13000979 1677.306205 
13000989 1697.321942 
13000999 1717.165972 
13001009 1736.848154 
13001019 1757.117236 
13001029 1777.633621 
13001039 1793.197340 
13001049 1812.795811 
13001059 1840.698478 
13001069 1856.274749 
13001079 1877.006670 
13001089 1904.264577 
13001099 1925.454361 
13001109 1966.468768 
13001119 1990.472323 
13001129 2013.661499 
13001139 2031.534930 
13001149 2072.486299 
13001159 2093.090527 
13001169 2111.329241 
13001179 2126.580530 
13001189 2143.640409 
13001199 2182.961796 
13001209 2202.489852 
13001219 2238.371424 
13001229 2259.002015 
13001239 2278.058009 
13001249 2292.474396 
13001259 2310.062528 
13001269 2329.453316 
13001279 2348.745755 
13001289 2374.530384 
13001299 2388.536464 
13001309 2404.521298 
13001319 2419.005105 
13001329 2437.311707 
13001339 2460.691126 
13001349 2477.493940 
13001359 2497.975590 
13001369 2512.511218 
13001379 2530.962627 
13001389 2546.018128 
13001399 2563.210627 
13001409 2584.685323 
13001419 2606.576164 
13001429 2631.645550 
13001439 2645.414713 
13001449 2666.958934 
13001459 2685.388978 
13001469 2698.467615 
13001479 2718.414911 
13001489 2738.685724 
13001499 2756.494715 
13001509 2773.434240 
13001519 2792.118296 
13001529 2811.412955 
13001539 2825.080617 
13001549 2846.713184 
13001559 2861.499418 
13001569 2880.362808 
13001579 2898.222351 
13001589 2914.534886 
13001599 2931.092318 
13001609 2947.571983 
13001619 2962.389127 
13001629 2980.751762 
13001639 2998.159145 
13001649 3014.496567 
13001659 3032.829621 
13001669 3052.928939 
13001679 3067.514028 
13001689 3081.814661 
13001699 3098.477159 
13001709 3114.569206 
13001719 3133.814264 
13001729 3150.229163 
13001739 3164.737907 
13001749 3183.982013 
13001759 3203.341641 
13001769 3224.817122 
13001779 3242.739062 
13001789 3264.621550 
13001799 3286.121425 
13001809 3303.943262 
13001819 3319.268870 
13001829 3334.389300 
13001839 3346.323207 
13001849 3366.179818 
13001859 3384.250500 
13001869 3402.268878 
13001879 3416.620359 
13001889 3436.681145 
13001899 3457.237117 
13001909 3478.626773 
13001919 3497.900154 
13001929 3514.297593 
13001939 3539.753747 
13001949 3554.108253 
13001959 3568.801845 
13001969 3585.174880 
13001979 3604.590496 
13001989 3616.517609 
13001999 3638.189956 
13002009 3654.883864 
13002019 3668.587211 
13002029 3685.842088 
13002039 3706.452482 
13002049 3721.378113 
13002059 3743.983912 
13002069 3757.830767 
13002079 3775.675195 
13002089 3792.623972 
13002099 3808.822599 
13002109 3825.007649 
13002119 3840.549399 
13002129 3858.824212 
13002139 3876.796343 
13002149 3894.951447 
13002159 3909.991168 
13002169 3924.642236 
13002179 3945.255897 
13002189 3957.602361 
13002199 3978.013055 
13002209 3999.246943 
13002219 4020.236928 
13002229 4038.185168 
13002239 4058.563292 
13002249 4072.518670 
13002259 4095.412757 
13002269 4111.923403 
13002279 4131.261480 
13002289 4151.544916 
13002299 4169.675471 
13002309 4194.023292 
13002319 4211.879247 
13002329 4231.241321 
13002339 4249.996644 
13002349 4273.161063 
13002359 4291.279345 
13002369 4303.119097 
13002379 4320.065743 
13002389 4335.227281 
13002399 4355.037935 
13002409 4373.884714 
13002419 4393.287926 
13002429 4418.472913 
13002439 4441.148086 
13002449 4456.736984 
13002459 4478.570903 
13002469 4494.682098 
13002479 4519.032526 
13002489 4533.109702 
13002499 4551.150800 
13002509 4570.267898 
13002519 4587.186373 
13002529 4606.073643 
13002539 4619.779723 
13002549 4640.947830 
13002559 4667.032848 
13002569 4689.591393 
13002579 4705.805031 
13002589 4729.919442 
13002599 4747.913086 
13002609 4776.688079 
13002619 4797.915522 
13002629 4818.627361 
13002639 4831.837232 
13002649 4895.726332 
13002659 4910.518308 
13002669 4936.784010 
13002679 4951.365088 
13002689 4977.658092 
13002699 4998.600336 
13002709 5018.045441 
13002719 5045.107455 
13002729 5061.620953 
13002739 5078.391516 
13002749 5091.668303 
13002759 5117.892381 
13002769 5133.445516 
13002779 5154.460091 
13002789 5171.296757 
13002799 5191.546347 
13002809 5211.038271 
13002819 5226.555491 
13002829 5247.444491 
13002839 5264.863858 
13002849 5308.481116 
13002859 5340.263333 
13002869 5356.113030 
13002879 5374.293167 
13002889 5403.168052 
13002899 5423.808583 
13002909 5447.210674 
13002919 5470.225890 
13002929 5571.733459 
13002939 5594.513592 
13002949 5615.143024 
13002959 5629.946105 
13002969 5648.005028 
13002979 5670.346742 
13002989 5686.747507 
13002999 5713.851520 
13003009 5739.597605 
13003019 5762.184999 
13003029 5784.349057 
13003039 5804.218714 
13003049 5824.212548 
13003059 5850.416195 
13003069 5869.063911 
13003079 5897.018400 
13003089 5916.924376 
13003099 5945.069457 
13003109 5961.377374 
13003119 5982.575783 
13003129 6000.712613 
13003139 6021.307288 
13003149 6042.171120 
13003159 6068.141230 
13003169 6087.900281 
13003179 6110.112507 
13003189 6126.676241 
13003199 6151.507772 
13003209 6171.582520 
13003219 6196.486137 
13003229 6214.702199 
13003239 6236.849127 
13003249 6252.724329 
13003259 6280.898921 
13003269 6299.196564 
13003279 6315.959977 
13003289 6333.522776 
13003299 6355.685689 
13003309 6378.299978 
13003319 6400.362544 
13003329 6417.063878 
13003343 17.202800 
13003353 33.390410 
13003363 57.710066 
13003373 81.495297 
13003383 101.423730 
13003393 119.490791 
13003403 133.100171 
13003413 150.863793 
13003423 165.289417 
13003433 185.726455 
13003443 200.172859 
13003453 213.807785 
13003463 230.774195 
13003473 255.865927 
13003483 281.653470 
13003493 295.573772 
13003503 316.965469 
13003513 334.669952 
13003523 351.448114 
13003533 368.927944 
13003543 385.942614 
13003553 411.964509 
13003563 424.953231 
13003573 442.011600 
13003583 457.294783 
13003593 482.706042 
13003603 499.422667 
13003613 512.361103 
13003623 531.560316 
13003633 548.663935 
13003643 568.159203 
13003653 584.558697 
13003663 602.149633 
13003673 621.561352 
13003683 639.037406 
13003693 660.948154 
13003703 677.242936 
13003713 695.744258 
13003723 718.160005 
13003733 745.608498 
13003743 764.707484 
13003753 777.762232 
13003763 795.169840 
13003773 814.327239 
13003783 837.006648 
13003793 853.030648 
13003803 876.087717 
13003813 891.932378 
13003823 909.768492 
13003833 925.413378 
13003843 944.101876 
13003853 958.311928 
13003863 973.727241 
13003873 993.430207 
13003883 1012.274053 
13003893 1029.002327 
13003903 1050.140656 
13003913 1074.320091 
13003923 1097.252363 
13003933 1115.268996 
13003943 1131.590366 
13003953 1151.275690 
13003963 1170.125056 
13003973 1183.561261 
13003983 1206.373053 
13003993 1225.777140 
13004003 1245.641905 
13004013 1258.298815 
13004023 1275.566327 
13004033 1296.091385 
13004043 1317.314404 
13004053 1333.550399 
13004063 1355.035271 
13004073 1372.467366 
13004083 1390.566700 
13004093 1404.041872 
13004103 1430.359935 
13004113 1456.062982 
13004123 1470.743387 
13004133 1490.370203 
13004143 1504.601170 
13004153 1522.253848 
13004163 1538.151600 
13004173 1571.999272 
13004183 1586.173829 
13004193 1608.778340 
13004203 1623.088141 
13004213 1647.541274 
13004223 1665.894694 
13004233 1684.642132 
13004243 1699.833286 
13004253 1716.174151 
13004263 1732.754625 
13004273 1751.386571 
13004283 1771.595344 
13004293 1787.847713 
13004303 1808.977904 
13004313 1824.905505 
13004323 1851.590751 
13004333 1872.475999 
13004343 1894.091455 
13004353 1910.971815 
13004363 1931.559191 
13004373 1953.756336 
13004383 1973.420831 
13004393 1992.436798 
13004403 2007.344952 
13004413 2031.433027 
13004423 2049.145987 
13004433 2071.017790 
13004443 2089.971553 
13004453 2116.573638 
13004463 2140.033674 
13004473 2158.639930 
13004483 2175.494404 
13004493 2191.495010 
13004503 2210.316238 
13004513 2231.723169 
13004523 2252.940816 
13004533 2272.950655 
13004543 2291.271882 
13004553 2312.701224 
13004563 2336.355429 
13004573 2359.481456 
13004583 2379.716228 
13004593 2397.700252 
13004603 2413.928425 
13004613 2428.735224 
13004623 2452.297883 
13004633 2476.770429 
13004643 2496.758148 
13004653 2520.196332 
13004663 2538.451136 
13004673 2562.584265 
13004683 2586.698311 
13004693 2606.796833 
13004703 2623.255254 
13004713 2646.838590 
13004723 2664.670033 
13004733 2685.844815 
13004743 2709.230816 
13004753 2731.732787 
13004763 2747.346906 
13004773 2769.816548 
13004783 2787.540190 
13004793 2807.476485 
13004803 2835.068649 
13004813 2853.149210 
13004823 2876.274630 
13004833 2892.495667 
13004843 2906.085036 
13004853 2928.008030 
13004863 2943.169529 
13004873 2958.968090 
13004883 2974.624532 
13004893 2997.585992 
13004903 3023.003333 
13004913 3048.298144 
13004923 3070.370070 
13004933 3085.584517 
13004943 3108.948216 
13004953 3129.329550 
13004963 3152.344498 
13004973 3167.809021 
13004983 3185.835910 
13004993 3205.061104 
13005003 3228.369776 
13005013 3244.927006 
13005023 3263.367665 
13005033 3282.810493 
13005043 3311.471784 
13005053 3328.347569 
13005063 3346.812049 
13005073 3361.172346 
13005083 3380.347228 
13005093 3395.152931 
13005103 3412.644101 
13005113 3434.003619 
13005123 3447.229615 
13005133 3474.957716 
13005143 3492.024980 
13005153 3508.812263 
13005163 3533.109425 
13005173 3556.797878 
13005183 3574.089566 
13005193 3590.935575 
13005203 3608.252474 
13005213 3628.926032 
13005223 3647.478043 
13005233 3665.762234 
13005243 3682.753891 
13005253 3700.860321 
13005263 3716.046657 
13005273 3734.858634 
13005283 3753.827563 
13005293 3768.720048 
13005303 3797.151738 
13005313 3818.082144 
13005323 3837.427909 
13005333 3859.051883 
13005343 3878.872204 
13005353 3900.691276 
13005363 3916.917690 
13005373 3933.994173 
13005383 3949.792501 
13005393 3969.799860 
13005403 3986.481161 
13005413 4006.324990 
13005423 4019.758358 
13005433 4035.024756 
13005443 4049.354763 
13005453 4064.009795 
13005463 4086.967006 
13005473 4102.521086 
13005483 4118.605320 
13005493 4139.612631 
13005503 4154.861084 
13005513 4175.111110 
13005523 4191.120505 
13005533 4207.495814 
13005543 4231.730923 
13005553 4250.125616 
13005563 4270.621587 
13005573 4291.090998 
13005583 4309.492419 
13005593 4328.108778 
13005603 4348.635274 
13005613 4366.339683 
13005623 4384.293246 
13005633 4407.103784 
13005643 4422.884427 
13005653 4434.446308 
13005663 4440.602623 
13005673 4447.964679 
13005683 4453.755774 
13005693 4463.091708 
13005703 4473.741643 
13005713 4496.068063 
13005723 4516.708074 
13005733 4535.173286 
13005743 4552.763391 
13005753 4566.556403 
13005763 4584.850564 
13005773 4601.348172 
13005783 4616.494746 
13005793 4633.476519 
13005803 4650.644610 
13005813 4674.499590 
13005823 4690.245275 
13005833 4709.770679 
13005843 4726.796176 
13005853 4743.733953 
13005863 4763.310483 
13005873 4785.103848 
13005883 4798.709916 
13005893 4819.173053 
13005903 4833.749641 
13005913 4850.761989 
13005923 4868.139916 
13005933 4891.490165 
13005943 4911.751979 
13005953 4931.676846 
13005963 4948.834160 
13005973 4973.057505 
13005983 4992.422414 
13005993 5011.743068 
13006003 5029.761347 
13006013 5048.795757 
13006023 5062.795599 
13006033 5080.704899 
13006043 5096.003788 
13006053 5112.290981 
13006063 5123.338151 
13006073 5138.459188 
13006083 5150.002384 
13006093 5167.112461 
13006103 5186.565767 
13006113 5205.562548 
13006123 5222.142241 
13006133 5241.680670 
13006143 5261.442215 
13006153 5277.939690 
13006163 5296.610580 
13006173 5312.890777 
13006183 5331.323772 
13006193 5349.313971 
13006203 5367.464513 
13006213 5381.728763 
13006223 5401.155693 
13006233 5415.604148 
13006243 5435.374392 
13006253 5447.554561 
13006263 5466.770505 
13006273 5483.850993 
13006283 5501.544692 
13006293 5518.258673 
13006303 5537.143103 
13006313 5551.730325 
13006323 5573.938752 
13006333 5590.572857 
13006343 5613.190460 
13006353 5626.215940 
13006363 5643.935263 
13006373 5660.685299 
13006383 5676.632040 
13006393 5690.672539 
13006403 5709.627849 
13006413 5724.930799 
13006423 5743.295008 
13006433 5759.564034 
13006443 5775.913784 
13006453 5792.169177 
13006463 5810.959234 
13006473 5834.680225 
13006483 5857.668379 
13006493 5875.253905 
13006503 5892.821773 
13006513 5910.778197 
13006523 5923.722474 
13006533 5942.807850 
13006543 5963.112897 
13006553 5978.734421 
13006563 5995.986117 
13006573 6008.149848 
13006583 6026.015073 
13006593 6043.923227 
13006603 6061.382290 
13006613 6078.783036 
13006623 6096.272996 
13006633 6113.897445 
13006643 6127.045701 
13006653 6144.091850 
13006663 6156.702400 
13006673 6169.665732 
13006683 6185.244810 
13006693 6203.659767 
13006703 6219.395706 
13006713 6234.570600 
13006723 6251.417753 
13006733 6268.357992 
13006743 6279.326333 
13006753 6301.290857 
13006763 6312.523645 
13006773 6329.809628 
13006783 6344.697401 
13006793 6361.464814 
13006803 6377.710270 
13006813 6389.673262 
13006823 6405.999053 
13006833 6421.655268 
13006843 6438.903676 
13006853 6453.599074 
13006863 6470.133999 
13006873 6484.930640 
13006883 6496.947433 
13006893 6512.636315 
13006903 6528.767725 
13006913 6542.091135 
13006923 6559.299690 
13006933 6574.405100 
13006943 6584.493728 
13006953 6600.616212 
13006963 6611.294090 
13006973 6623.783630 
13006983 6639.466789 
13006993 6656.251058 
13007003 6668.552437 
13007013 6686.575582 
13007023 6698.260798 
13007033 6713.601805 
13007043 6729.756143 
13007053 6749.806053 
13007063 6768.582412 
13007073 6782.907139 
13007083 6799.106835 
13007093 6812.524334 
13007103 6824.937462 
13007113 6852.334462 
13007123 6881.831252 
13007133 6896.278340 
13007143 6912.246943 
13007153 6935.375239 
13007163 6955.257211 
13007173 6969.145447 
13007183 6988.978224 
13007193 7009.099429 
13007203 7024.421436 
13007213 7043.585299 
13007223 7071.782268 
13007233 7091.720764 
13007243 7107.399372 
13007253 7128.509750 
13007263 7143.624491 
13007273 7161.280853 
13007283 7178.106085 
13007293 7201.648070 
13007303 7219.904267 
13007313 7234.729515 
13007323 7251.327675 
13007333 7275.572527 
13007343 7296.167202 
13007353 7311.281790 
13007363 7333.945579 
13007373 7350.301064 
13007383 7365.787893 
13007393 7389.766455 
13007403 7416.299399 
13007413 7432.915884 
13007423 7450.575845 
13007433 7470.869369 
13007443 7486.250843 
13007453 7503.471134 
13007463 7521.021523 
13007473 7537.350565 
13007483 7557.228431 
13007493 7574.684442 
13007503 7595.269087 
13007513 7620.237961 
13007523 7640.864827 
13007533 7663.816347 
13007543 7703.323608 
13007553 7721.280492 
13007563 7739.969006 
13007573 7769.554268 
13007583 7799.689652 
13007593 7822.922313 
13007603 7847.254674 
13007613 7865.649089 
13007623 7882.598362 
13007633 7898.847654 
13007643 7944.169083 
13007653 7980.583552 
13007663 8000.788644 
13007673 8021.937310 
13007683 8050.004364 
13007693 8067.602200 
13007703 8086.289107 
13007713 8100.874805 
13007723 8121.057877 
13007733 8140.256601 
13007743 8158.191541 
13007753 8183.094597 
13007763 8206.011492 
13007773 8222.687284 
13007783 8241.656640 
13007793 8263.573417 
13007803 8283.530098 
13007813 8310.302248 
13007823 8328.856470 
13007833 8351.247588 
13007843 8375.316823 
13007853 8390.635065 
13007863 8405.496088 
13007873 8420.711457 
13007883 8440.428694 
13007893 8463.662580 
13007903 8479.119331 
13007913 8504.998830 
13007923 8521.245910 
13007933 8541.765326 
13007943 8561.821565 
13007953 8584.033282 
13007963 8604.228847 
13007973 8631.613413 
13007983 8651.352813 
13007993 8668.914524 
13008003 8687.851969 
13008013 8705.251179 
13008023 8721.596402 
13008033 8741.582745 
13008043 8762.506285 
13008053 8782.382042 
13008063 8803.371893 
13008073 8824.640830 
13008083 8839.361562 
13008093 8860.274334 
13008103 8878.424969 
13008113 8893.685410 
13008123 8912.484795 
13008133 8924.431448 
13008143 8941.630418 
13008153 8959.648108 
13008163 8970.919166 
13008173 8987.816068 
13008183 9003.831506 
13008193 9025.750238 
13008203 9043.583020 
13008213 9057.909583 
13008223 9074.881924 
13008233 9092.369709 
13008243 9108.920409 
13008253 9129.264111 
13008263 9144.332545 
13008273 9157.805346 
13008283 9172.191355 
13008293 9196.090333 
13008303 9208.811547 
13008313 9226.147832 
13008323 9241.281500 
13008333 9256.882526 
13008343 9279.265994 
13008353 9295.047630 
13008363 9312.066505 
13008373 9324.242367 
13008383 9340.231122 
13008393 9357.512769 
13008403 9375.208217 
13008413 9392.146980 
13008423 9408.937728 
13008433 9420.903547 
13008443 9437.298695 
13008453 9456.603620 
13008463 9471.788428 
13008473 9491.283872 
13008483 9510.183524 
13008493 9525.661162 
13008503 9541.462687 
13008513 9558.404841 
13008523 9574.046348 
13008533 9592.420208 
13008543 9606.499811 
13008553 9622.671890 
13008563 9635.109231 
13008573 9656.282690 
13008583 9670.392932 
13008593 9692.407298 
13008603 9709.417473 
13008613 9726.332464 
13008623 9740.414155 
13008633 9759.895788 
13008643 9770.903508 
13008653 9790.662359 
13008663 9808.408854 
13008673 9824.616340 
13008683 9840.145524 
13008693 9856.119779 
13008703 9874.328321 
13008713 9891.561767 
13008723 9909.393692 
13008733 9926.009415 
13008743 9941.395134 
13008753 9957.249810 
13008763 9980.355124 
13008773 9999.121741 
13008783 10014.275625 
13008793 10033.598166 
13008803 10052.820636 
13008813 10070.333566 
13008823 10086.657606 
13008833 10103.259942 
13008843 10128.163226 
13008853 10144.829442 
13008863 10167.033407 
13008873 10191.763468 
13008883 10208.915037 
13008893 10224.367810 
13008903 10239.196794 
13008913 10256.460737 
13008923 10276.407854 
13008933 10300.233932 
13008943 10318.828155 
13008953 10342.359988 
13008963 10358.633039 
13008973 10375.913830 
13008983 10392.582224 
13008993 10405.605878 
13009003 10426.047914 
13009013 10444.962349 
13009023 10471.177348 
13009033 10496.536680 
13009043 10512.580170 
13009053 10532.636776 
13009063 10559.085905 
13009073 10580.454883 
13009083 10596.034891 
13009093 10633.514130 
13009103 10654.014882 
13009113 10677.626400 
13009123 10697.177131 
13009133 10724.572557 
13009143 10748.255789 
13009153 10772.013546 
13009163 10792.057819 
13009173 10816.545109 
13009183 10833.841814 
13009193 10855.616330 
13009203 10883.769614 
13009213 10903.628213 
13009223 10925.053396 
13009233 10951.083287 
13009243 10970.630918 
13009253 10991.121426 
13009263 11018.570261 
13009273 11042.870672 
13009283 11060.970510 
13009293 11084.452494 
13009303 11104.028848 
13009313 11124.811695 
13009323 11144.302467 
13009333 11160.727685 
13009343 11183.078740 
13009353 11206.123296 
13009363 11227.429225 
13009373 11248.937320 
13009383 11269.101009 
13009393 11283.101195 
13009403 11314.246881 
13009413 11336.603776 
13009423 11359.579492 
13009433 11376.035084 
13009443 11391.966247 
13009453 11411.427354 
13009463 11438.973782 
13009473 11458.429233 
13009483 11485.232527 
13009493 11502.543890 
13009503 11524.625452 
13009513 11549.174074 
13009523 11577.478412 
13009533 11594.442172 
13009543 11615.361832 
13009553 11633.473860 
13009563 11661.759067 
13009573 11680.072120 
13009583 11691.259402 
13009593 11709.998837 
13009603 11727.291236 
13009613 11750.810873 
13009623 11768.488433 
13009633 11792.425646 
13009643 11806.538779 
13009653 11824.827255 
13009663 11852.198339 
13009673 11869.482311 
13009683 11883.107401 
13009693 11896.678694 
13009703 11917.566151 
13009713 11942.256228 
13009723 11962.153486 
13009733 11984.311503 
13009743 11999.549019 
13009753 12018.845249 
13009763 12038.814111 
13009773 12049.401688 
13009783 12074.928664 
13009793 12093.971394 
13009803 12117.383020 
13009813 12137.768425 
13009823 12158.715194 
13009833 12175.329598 
13009843 12193.827470 
13009853 12219.041052 
13009863 12237.982417 
13009873 12265.240592 
13009883 12284.833550 
13009893 12304.954842 
13009903 12322.265781 
13009913 12338.747275 
13009923 12358.177643 
13009933 12374.391250 
13009943 12398.621121 
13009953 12418.876385 
13009963 12436.795704 
13009973 12451.143585 
13009983 12467.747878 
13009993 12485.055416 
13010003 12499.014483 
13010013 12514.325949 
13010023 12531.973231 
13010033 12550.403645 
13010043 12572.028028 
13010053 12590.192300 
13010063 12606.714176 
13010073 12624.120811 
13010083 12644.553075 
13010093 12666.956317 
13010103 12683.487157 
13010113 12702.086400 
13010123 12716.859891 
13010133 12733.852963 
13010143 12749.183553 
13010153 12764.844754 
13010163 12780.926581 
13010173 12800.467623 
13010183 12815.160007 
13010193 12835.736268 
13010203 12853.386389 
13010213 12870.424740 
13010223 12894.754981 
13010233 12915.581790 
13010243 12929.395983 
13010253 12947.707550 
13010263 12969.536421 
13010273 12987.474880 
13010283 13004.482117 
13010293 13020.848855 
13010303 13041.022383 
13010313 13057.760308 
13010323 13080.962204 
13010333 13101.896918 
13010343 13118.613955 
13010353 13135.232247 
13010363 13152.916040 
13010373 13169.012796 
13010383 13181.247688 
13010393 13200.829140 
13010403 13220.602899 
13010413 13235.102014 
13010423 13253.174826 
13010433 13267.319214 
13010443 13288.687442 
13010453 13306.948506 
13010463 13327.810740 
13010473 13342.421928 
13010483 13364.372060 
13010493 13387.111152 
13010503 13406.152228 
13010513 13422.727211 
13010523 13439.990624 
13010533 13458.596923 
13010543 13474.584991 
13010553 13492.155880 
13010563 13509.607987 
13010573 13526.291914 
13010583 13542.008534 
13010593 13565.133346 
13010603 13577.601298 
13010613 13595.857768 
13010623 13616.450094 
13010633 13633.595621 
13010643 13647.771833 
13010653 13674.224680 
13010663 13691.070903 
13010673 13714.103266 
13010683 13732.504851 
13010693 13746.937094 
13010703 13768.837005 
13010713 13788.266397 
13010723 13808.296338 
13010733 13830.237955 
13010743 13850.057595 
13010753 13870.224746 
13010763 13888.951192 
13010773 13910.781526 
13010783 13934.025617 
13010793 13955.477313 
13010803 13977.093217 
13010813 13998.557875 
13010823 14018.783183 
13010833 14034.928890 
13010843 14054.117609 
13010853 14071.583693 
13010863 14095.883865 
13010873 14113.973442 
13010883 14131.695288 
13010893 14145.039274 
13010903 14157.238240 
13010913 14180.387028 
13010923 14199.117785 
13010933 14226.212334 
13010943 14246.929240 
13010953 14259.645344 
13010963 14283.112037 
13010973 14299.870790 
13010983 14317.844130 
13010993 14340.510143 
13011003 14356.854256 
13011013 14378.057241 
13011023 14403.016896 
13011033 14425.009011 
13011043 14445.566560 
13011053 14462.195265 
13011063 14477.798075 
13011073 14502.352614 
13011083 14520.038860 
13011093 14534.797298 
13011103 14562.840289 
13011113 14582.511809 
13011123 14602.621197 
13011133 14620.300992 
13011143 14638.104623 
13011153 14657.339969 
13011163 14679.693137 
13011173 14699.549268 
13011183 14719.190256 
13011193 14734.732912 
13011203 14754.333509 
13011213 14769.889860 
13011223 14785.727579 
13011233 14807.952574 
13011243 14827.731128 
13011253 14846.634254 
13011263 14866.372797 
13011273 14885.126870 
13011283 14899.809433 
13011293 14914.437009 
13011303 14943.481725 
13011313 14961.566077 
13011323 14979.243174 
13011333 15004.735197 
13011343 15026.579009 
13011353 15046.477381 
13011363 15065.293317 
13011373 15082.917174 
13011383 15099.200051 
13011393 15115.856817 
13011403 15141.057184 
13011413 15157.213943 
13011423 15174.027625 
13011433 15198.300438 
13011443 15219.289327 
13011453 15240.273471 
13011463 15260.655605 
13011473 15285.354066 
13011483 15306.182055 
13011493 15328.659995 
13011503 15346.444139 
13011513 15363.561978 
13011523 15382.530367 
13011533 15401.306270 
13011543 15418.073220 
13011553 15442.401816 
13011563 15449.432369 
13011573 15454.334426 
13011583 15464.240356 
13011593 15470.519655 
13011603 15480.107287 
13011613 15493.697841 
13011623 15503.105294 
13011633 15525.219138 
13011643 15544.806417 
13011653 15559.118124 
13011663 15576.686574 
13011673 15597.687645 
13011683 15622.149757 
13011693 15637.465759 
13011703 15656.694431 
13011713 15670.575422 
13011723 15685.285195 
13011733 15705.791698 
13011743 15725.753290 
13011753 15742.069202 
13011763 15756.903757 
13011773 15774.034202 
13011783 15790.825941 
13011793 15809.667723 
13011803 15827.284955 
13011813 15843.756872 
13011823 15859.855657 
13011833 15881.502352 
13011843 15899.596191 
13011853 15918.549592 
13011863 15934.542262 
13011873 15952.978580 
13011883 15973.734186 
13011893 15988.118958 
13011903 16008.171863 
13011913 16026.537221 
13011923 16043.887909 
13011933 16067.360775 
13011943 16087.321335 
13011953 16100.111272 
13011963 16119.496361 
13011973 16143.342441 
13011983 16159.592335 
13011993 16187.312175 
13012003 16202.761185 
13012013 16224.500535 
13012023 16246.122928 
13012033 16263.820547 
13012043 16283.505322 
13012053 16307.139060 
13012063 16324.368192 
13012073 16344.153779 
13012083 16354.974737 
13012093 16373.150176 
13012103 16392.053381 
13012113 16408.106740 
13012123 16430.930919 
13012133 16446.563301 
13012143 16461.737080 
13012153 16478.785921 
13012163 16492.138300 
13012173 16513.156343 
13012183 16531.661458 
13012193 16547.883353 
13012203 16563.844852 
13012213 16575.377846 
13012223 16592.243588 
13012233 16610.132853 
13012243 16623.630774 
13012253 16641.165787 
13012263 16659.884121 
13012273 16676.565962 
13012283 16691.471815 
13012293 16708.496706 
13012303 16724.020429 
13012313 16748.865060 
13012323 16762.907037 
13012333 16777.233539 
13012343 16795.299616 
13012353 16812.106219 
13012363 16829.786058 
13012373 16844.579704 
13012383 16861.073782 
13012393 16875.116141 
13012403 16895.840155 
13012413 16908.585549 
13012423 16920.651738 
13012433 16938.837506 
13012443 16952.560551 
13012453 16964.229340 
13012463 16976.404286 
13012473 16987.654166 
13012483 17003.097917 
13012493 17016.851010 
13012503 17029.824292 
13012513 17044.583847 
13012523 17061.236382 
13012533 17082.416634 
13012543 17097.015584 
13012553 17111.660737 
13012563 17126.972364 
13012573 17145.012378 
13012583 17160.624429 
13012593 17172.408201 
13012603 17189.983265 
13012613 17212.097291 
13012623 17231.402384 
13012633 17252.743905 
13012643 17267.550079 
13012653 17280.335393 
13012663 17300.834036 
13012673 17322.643991 
13012683 17343.267426 
13012693 17360.952729 
13012703 17380.360754 
13012713 17395.158296 
13012723 17409.190910 
13012733 17425.116278 
13012743 17445.811748 
13012753 17463.499426 
13012763 17481.960997 
13012773 17499.547959 
13012783 17517.883570 
13012793 17538.308687 
13012803 17551.930243 
13012813 17554.925619 
13012823 17558.898277 
13012833 17563.929032 
13012843 17568.551653 
13012853 17572.918058 
13012863 17575.945997 
13012873 17582.421062 
13012883 17586.879519 
13012893 17591.594375 
13012903 17596.806292 
13012913 17602.779832 
13012923 17608.506027 
13012933 17613.123455 
13012943 17617.827227 
13012953 17622.308559 
13012963 17626.460646 
13012973 17632.982142 
13012983 17644.845860 
13012993 17654.686834 
13013003 17667.466010 
13013013 17687.580558 
13013023 17700.501121 
13013033 17716.919866 
13013043 17737.665413 
13013053 17757.587339 
13013063 17781.870236 
13013073 17800.061030 
13013083 17818.941699 
13013093 17838.582090 
13013103 17854.312211 
13013113 17873.448011 
13013123 17887.806676 
13013133 17914.001756 
13013143 17932.413025 
13013153 17947.598580 
13013163 17967.945375 
13013173 17978.941224 
13013183 17998.100994 
13013193 18013.436926 
13013203 18021.957538 
13013213 18032.470745 
13013223 18039.883736 
13013233 18050.948889 
13013243 18062.855839 
13013253 18076.423322 
13013263 18091.890399 
13013273 18103.972491 
13013283 18119.144126 
13013293 18136.838781 
13013303 18152.855136 
13013313 18165.184659 
13013323 18178.640030 
13013333 18201.208234 
